
----- Results -----

	Compressor Decay Model:
Error: 0.00003335
Alpha: 29068
Coefficients:
[ 2.58495971e-01 -7.58148982e-02 -2.64412086e-07 -3.24099826e-05
  3.02495598e-05 -5.62412366e-04 -5.62412381e-04 -1.53016352e-05
  1.06118829e-11 -3.37482519e-03  1.96543681e-01  3.09372040e-14
  1.43468840e-02  2.22991252e-01 -7.04251798e-04  2.12410930e-01]
Objective function scores:
[31216.08726517732, 31235.790517912432, 31237.899266373326, 31238.803310283944, 31239.157511370664, 31239.2879280167, 31239.334522067486, 31239.35096734573, 31239.356745573463]

	Turbine Decay Model:
Error: 0.00010773
Alpha: 199043
Coefficients:
[ 2.10631565e-04  6.09897847e-03  1.38584154e-05  6.52412499e-05
  3.13277842e-05 -7.91977855e-04 -7.91979616e-04 -6.83347866e-04
 -9.82552234e-11  1.85404142e-04  8.31980139e-02  1.70266345e-13
 -5.37052136e-02  8.11375193e-01 -2.36364222e-04  3.57423126e-01]
Objective function scores:
[39253.861411071295, 39273.82353991169, 39273.90275252133, 39273.91551465454]

