
----- Results -----

	Compressor Decay Model:
Error: 0.00003457
Alpha: 0
Coefficients:
[ 2.54628560e-01 -7.47647665e-02 -5.15282995e-07 -3.45073129e-05
  2.92955995e-05 -5.44560149e-04 -5.44558833e-04  1.09031282e-05
  0.00000000e+00 -3.39406817e-03  2.05925660e-01 -4.84727904e-26
  1.43011346e-02  6.33382137e-02 -6.99066381e-04  1.95446960e-01]

	Turbine Decay Model:
Error: 0.00011090
Alpha: 0
Coefficients:
[-6.19311303e-03  7.98648428e-03  1.39370629e-05  6.21962390e-05
  2.95596144e-05 -7.82693354e-04 -7.82691469e-04 -6.80455308e-04
  0.00000000e+00  1.89900525e-04  9.96111789e-02  2.84916185e-26
 -5.37714631e-02  5.26983986e-02 -2.15031264e-04  3.37352369e-01]

